baseline:

1668278801 (?)
1668279489
1668283177
1668284221
1668289478
1668296690
1668302862
1668309303
1668319357
1668343081
1668361949

1667820145
1667706428
1667745011
1667634222
1667729890
1667599289

1668278459


non-rotated / non-rotated:

1671715247
1671716139
1671717283
1671720334
1671724685
1671725735

1671729865
1671742022
1671748092
1671760833



untrained:
1669374570

partially trained for training observation:
1669397724

S2CNN:

1668559990
1668568059
1668578286
1668598496
1668637573

1668139362
1668030960


flat baseline:

1680863211
1680864006
1680866124
1680868748
1680871756
1680873086

1680876846
1680890211
1680897318
1680911688

flat, smaller images:

1683048569
1683049166
1683052258
1683052930

flat S2CNN:

1681201196
1681205342
1681215877
1681244385
1681274180

1681288693
1681397514
1681407318
1681517329



flat baseline, shifted:
1686568319
1686568791
1686572608
1686575304
1686579498
1686584727

1686591061
1686618156
1686625770
1686649185



flat S2CNN, shifted:
1686661552
1686673355
1686698888
1686733114
1686751157

1686793844
1686921708
1686943569
1687054061

1695178713
1695204583
1695475350


28x28 S2CNN:
1696930897
1696932144
1696936674
1696941636
1696947668
1696954063

1697043800
1697050764
1697052959
1697061474
1697073402
1697084768

1697091799
1697096372
1697103093
1697110031
1697121241
1697134502


28x28 baseline (ConvNet):
1697206030
1697206644
1697207683
1697209477
1697210525
1697213123

1697226035
1697226722
1697228695
1697229854
1697231110
1697236373

1697215830
1697217421
1697217912
1697220416
1697221465
1697224525


28x28 MLP:
1697263106
1697264117
1697264852
1697266762
1697267108
1697269780

1697270716
1697271049
1697271795
1697274594
1697275265
1697278699

1697282534
1697282725
1697283628
1697285267
1697286841
1697289516

1697291360
1697291756
1697292309
1697293673
1697296087
1697297687

1697298663
1697299099
1697300189
1697301644
1697303700
1697304939


28x28 MLP, shifted
1697314773
1697315648
1697316253
1697319666
1697321134
1697323039

1697326227
1697327407
1697329265
1697330634
1697334107
1697335845

1697339675
1697340366
1697342252
1697344299
1697346310
1697348476

1697351878
1697352331
1697353302
1697355022
1697356907
1697357777

1697359818
1697360773
1697363594
1697364527
1697368366
1697373536

1697381703
1697387805
1697392047
1697395958
1697423371

1697438899
1697441419
1697445309
1697454414
1697470261

1697493565
1697500831
1697507810
1697517942
1697522106

1697556854
1697557558
1697562076
1697563004
1697575214

1697581673
1697587785
1697595752
1697602209
1697615182


28x28 baseline, shifted (CConvNet):
1697632034
1697633409
1697635738
1697638647
1697643509
1697644887

1697670845
1697672621
1697673977
1697676458
1697679758
1697684622

1697649945
1697650878
1697652505
1697658380
1697663547
1697665587


28x28 S2CNN, shifted:
1697686618
1697690682
1697693979
1697701303
1697706266
1697712624

1697727865
1697787061
1697793829
1697833204

1697963473
1698179501
1698348121

still missing:
S: 80000, 100000, 120000, 240000
M, L: like S and 20000 - 50000


28x28 baseline, inv (CConvNet):
1698751219
1698751559
1698754950
1698757664
1698760718
1698764481

1698939890
1698941404
1698944388
1698947570
1698952241
1698953882

1698959274
1698960132
1698963429
1698966845
1698969603
1698974850

28x28 baseline, shifted, inv (ConvNet):
1698766325
1698768397
1698770664
1698771523
1698775831
1698779581

1698978834
1698980137
1698981341
1698982635
1698986725
1698989944

1698992825
1698993245
1698995601
1698998473
1699001088
1699002836



60x60 ConvNet, data aug:
1668278459 exists
1668279489 exists
1668283177 exists
1668284221 exists
1668289478 exists
1668296690 exists
1668302862 exists
1668309303 exists
1668319357 exists
1668343081 exists
1668361949 exists

1667729890 exists
1667731294
1667741670
1667748173
1667753694
1667759783
1667764930
1667783231
1667805435
1667810776
1667881002

1667595706
1667596857
1667601900
1667605502
1667608612
1667612994
1667616670
1667628509
1667636483
1667643891
1667673814


60x60 CConvNet, data aug:
1699215797
1699220532
1699227803
1699237519
1699243450
1699259138
1699273961
1699287174
1699299425
1699319344
1699423670

1699488018
1699492817
1699502906
1699514851
1699528834
1699543905
1699580225
1699590658
1699629072
1699686514
1699732031

1699905863
1699908587
1699916489
1699935953
1699945381
1699966198
1700001988
1700030704
1700040450
1700086384
1700257473



60x60 S2ConvNet:
1668559990 exists
1668568059 exists
1668578286 exists
1668598496 exists
1668637573 exists

1667922245
1667928002
1667949243
1667987238
1668030960 exists

1668051244
1668063693
1668085318
1668110081
1668139362 exists


60x60 ConvNet:
1671715247 exists
1671716139 exists
1671717283 exists
1671720334 exists
1671724685 exists
1671725735 exists

1671729865 exists
1671731670
1671732445
1671737087
1671738763
1671742022 exists

1671748092 exists
1671749485
1671751498
1671754409
1671757292
1671760833 exists


60x60 CConvNet:
1700326898
1700330347
1700335505
1700337615
1700345124
1700356650

1700364673
1700368102
1700375258
1700385315
1700398273
1700412164

1700421540
1700428997
1700434626
1700440151
1700459504
1700463715